1 0.06484375 0.5796875 0.1296875 0.3046875
1 0.20546875 0.56640625 0.1328125 0.31953125
1 0.39921875 0.56328125 0.13046875 0.31328125
1 0.56484375 0.5546875 0.1484375 0.3046875
1 0.73984375 0.52890625 0.1515625 0.29375
1 0.90546875 0.52578125 0.1578125 0.28984375
0 0.22890625 0.52578125 0.08359375 0.12734375
0 0.4140625 0.50546875 0.1046875 0.10078125
0 0.57734375 0.50078125 0.0765625 0.09375
0 0.790625 0.48203125 0.134375 0.1171875
0 0.9328125 0.478125 0.11015625 0.0921875
4 0.0875 0.55234375 0.1640625 0.18984375