1 0.0783361263279866 0.5796875 0.13677918028020858 0.3046875
1 0.21865200180295186 0.56640625 0.14024967239642389 0.31953125
1 0.4123292666205908 0.56328125 0.1377604520317016 0.31328125
1 0.5777542448690977 0.5546875 0.15552918028020848 0.3046875
1 0.7521541796146185 0.52890625 0.15839960714194473 0.29375
1 0.9177064444322575 0.52578125 0.1645586881639936 0.28984375
0 0.2411439444322574 0.52578125 0.0865577086812154 0.12734375
0 0.4258274157469102 0.50546875 0.10703320963114589 0.10078125
0 0.5889995629733684 0.50078125 0.07874455547083344 0.09375
0 0.8018444018792017 0.48203125 0.13710256933854198 0.1171875
0 0.943895006980712 0.478125 0.11220998603857595 0.0921875
4 0.10035594348232686 0.55234375 0.16848116232843768 0.18984375