1 0.940615694923669 0.3767568976471444 0.11876861015266194 0.3107277923897862
1 0.8121988414439436 0.39658786228667153 0.14583240072175307 0.32571709160399787
1 0.6185761754363325 0.4087369135677978 0.14323398273697557 0.31935792969333915
1 0.45330134391540156 0.4250447719210187 0.1608525642579064 0.31160108767505645
1 0.27935184935260904 0.45897677791687475 0.16353189528454556 0.3008091368892682
1 0.11385418334499782 0.46981588627009563 0.16962272779405962 0.29719398531769164
0 0.7904166833449977 0.4383044813932594 0.08878261018984297 0.1312371914801634
0 0.6060881042955248 0.4672407723353035 0.10879402125453837 0.10565714867609248
0 0.4429978552841082 0.4795332187778655 0.0803825197716634 0.09731595574818712
0 0.23048060923844077 0.5082169526478151 0.13915002471457932 0.12344611621110371
0 0.08845227672892675 0.5187456918944482 0.11391260277546911 0.09731810980096292
4 0.922420787195442 0.4051558794501792 0.15515842560911608 0.19748508374611512