1 0.0484375 0.575 0.096875 0.28203125
1 0.1765625 0.57734375 0.121875 0.2671875
1 0.32109375 0.5625 0.12109375 0.28125
1 0.45546875 0.5796875 0.1171875 0.28515625
1 0.603125 0.578125 0.12109375 0.29609375
1 0.75234375 0.5859375 0.14296875 0.2828125
1 0.89296875 0.57421875 0.12109375 0.2921875
0 0.03046875 0.5265625 0.05859375 0.10703125
0 0.159375 0.51484375 0.06015625 0.07109375
0 0.315625 0.50234375 0.0546875 0.09140625
0 0.4859375 0.6203125 0.0421875 0.12890625
0 0.61640625 0.52578125 0.0734375 0.11171875
4 0.78828125 0.5640625 0.1546875 0.17890625
0 0.9125 0.53515625 0.0796875 0.11328125