1 0.04464988727827154 0.5735906126946968 0.08929977455654307 0.2848500246106063
1 0.16648492735784937 0.5722063059516371 0.12653877516050813 0.27073370031656907
1 0.31127527597787763 0.553157126089039 0.12600298701106122 0.2847734682632577
1 0.44535026704942393 0.5664347129194884 0.12216492085843704 0.2885660579967011
1 0.5930337905883742 0.5605758548436451 0.12626208563108943 0.2996172182632577
1 0.7421161728936225 0.5640465326611791 0.14790526055001152 0.2869724657559754
1 0.8829457244357501 0.5482360130651378 0.12619390178371362 0.2957109682632577
0 0.02575428054139229 0.5256759499208578 0.05150856108278458 0.10873615399835046
0 0.150388368915863 0.5102064111244865 0.061397196022240454 0.07284411810497318
0 0.3068565572274657 0.4931600004622184 0.05628300202859489 0.09299749373179385
0 0.475109905036715 0.6061731628403462 0.044437566963403084 0.13013378087881247
0 0.6072287041432106 0.5078456599373522 0.07538755803494937 0.11385556301126591
4 0.7784355024389272 0.5411258582088574 0.15781032020981414 0.1834071965556454
0 0.9031588129095084 0.5086052117323542 0.08166483157389948 0.11559991943775678