0 0.3112783982131141 0.10216408333183027 0.3202408572240934 0.12798172063538318
0 0.11222975629292246 0.20307795822938637 0.22445951258584493 0.1301199553339023
0 0.3284274530422992 0.2383755651348652 0.262683025208871 0.13153906017246647
0 0.33433526034294225 0.3623224873846062 0.2473299392393158 0.11834770140496084
0 0.11944870144514681 0.33160321856846864 0.23889740289029363 0.1373887998333842
0 0.32855880973491997 0.5232963746881591 0.23619877965749528 0.15135925454811386
0 0.12302071712031419 0.5804409789075508 0.24604143424062838 0.1420955705115487
0 0.3454850300774247 0.6649766064911941 0.3186292776803289 0.14584130872472442
0 0.10303186928776095 0.7069842082293863 0.2060637385755219 0.12018202915521989
0 0.31885491000175004 0.8382856739023709 0.3196824417107737 0.1334140833318301
0 0.2955208862757539 0.9453093268192456 0.3027031887450242 0.10938134636150884
0 0.694460971331088 0.16854052398342412 0.3218816116727178 0.14911185793893617
0 0.6790840276431479 0.29619248903723605 0.33524377471457945 0.13257932940288883
0 0.658620335932374 0.41421474296617744 0.33982118676785794 0.11095904052775936
0 0.6632348986702246 0.5122712533052598 0.32189885771838506 0.130398245242489
0 0.6817355478719218 0.5961025978047416 0.32676277125453834 0.11580920636735961
0 0.5849003571497313 0.7058713959854961 0.192833440227899 0.12048809015625572
0 0.7621976861992042 0.7344802011955638 0.1728538626613009 0.14684938296032685
0 0.6392456644503743 0.8320743310555188 0.31804168726214943 0.11228394602827727
0 0.6516727271882249 0.9286864264359196 0.36075311068413446 0.1426271471281609