5 0.57265625 0.415625 0.184375 0.20625
5 0.278125 0.19140625 0.2125 0.2421875
5 0.196875 0.42265625 0.2171875 0.25859375
5 0.421875 0.35859375 0.21640625 0.25859375
5 0.665625 0.3109375 0.23125 0.25234375
5 0.86484375 0.2671875 0.23671875 0.2796875
5 0.2609375 0.65546875 0.23203125 0.25703125
5 0.28203125 0.89453125 0.20859375 0.2109375
5 0.51875 0.8796875 0.2484375 0.23125
5 0.4765625 0.65 0.18125 0.225
5 0.703125 0.6625 0.26796875 0.27109375
5 0.7328125 0.9 0.203125 0.2
5 0.90390625 0.61796875 0.1921875 0.228125