5 0.3890625 0.21452428020395864 0.21015625 0.3736414410137849
5 0.240625 0.29856935904180576 0.18828125 0.2543822947372571
5 0.15546875 0.4137748253224654 0.24375 0.24239209422416685
5 0.134375 0.5726588628415279 0.2203125 0.16528408035645867
5 0.19375 0.725603331306389 0.25078125 0.1511494983844795
5 0.3109375 0.8103621506449308 0.2234375 0.21301306553881966
5 0.428125 0.8396522199834726 0.17265625 0.24386236882545162
5 0.60234375 0.8382384564001046 0.1546875 0.27860039152687505
5 0.8078125 0.6188020446403479 0.278125 0.20881718123013898
5 0.840625 0.46097201405513955 0.23828125 0.1836710576550349
5 0.76875 0.333517854860834 0.321875 0.2567104737831947
5 0.63359375 0.23505955822371577 0.23125 0.3077261534947223
5 0.72265625 0.7629137609210075 0.25 0.247225064588889