3 0.9656316690087918 0.5216203207666311 0.06873666198241643 0.44353310087368064
3 0.9015998847315135 0.5176608258006242 0.06099996529375673 0.45970296153100704
3 0.8390005963308539 0.5425712132434368 0.07980980126627628 0.48902743882958344
3 0.7505435015828457 0.5923185997363187 0.1066654694503919 0.5802161364928822
3 0.6520832695295342 0.593828507980694 0.116753523290458 0.5781087758355555
3 0.569671586301724 0.6363991741088537 0.09749270942126209 0.6674433795590279
3 0.47558896568946835 0.6002817957840968 0.101128523290458 0.5777450999237501
3 0.38424255166198795 0.6313337336637497 0.09839597987523332 0.6448234971502085
3 0.3006942657686106 0.6348418997919094 0.11877667603516731 0.6476400258355556
3 0.218890336301724 0.6445636983288887 0.09058347987523332 0.6446416591943056
3 0.10766567979609101 0.610408863507118 0.15346391310304358 0.6055077304327083