3 0.964056769133823 0.45625 0.07067884217421891 0.4421875
3 0.8993721435070021 0.46171875 0.06099996529375673 0.45859375
3 0.8354089319076621 0.43828125 0.07980980126627628 0.4875
3 0.7441785266556703 0.390625 0.10666546945039208 0.578125
3 0.6457637587089816 0.39140625 0.116753523290458 0.57578125
3 0.5609879419367919 0.35078125 0.09749270942126209 0.665625
3 0.46913306254904763 0.3890625 0.101128523290458 0.57578125
3 0.376104476576528 0.36015625 0.09839597987523332 0.64296875
3 0.29246526246990534 0.35859375 0.11877667603516731 0.6453125
3 0.21020669193679192 0.35078125 0.09058347987523323 0.64296875
3 0.10111884844242491 0.3875 0.15346391310304358 0.60234375