1 0.07724531869266557 0.3898680834462281 0.15370029702625154 0.7781327233148914
1 0.1716265777678519 0.3690410063315781 0.1931077097904299 0.7052208457707
1 0.29571806274073725 0.3536760351643934 0.1762560321955286 0.6277985306418377
1 0.4151629543294809 0.34509665253181937 0.16028105337096327 0.5668234090905401
1 0.5369970477136226 0.34445260063194005 0.1592543636758137 0.5245949655129751
1 0.6408623910977643 0.34286684644806853 0.1551435805965223 0.4892339976251508
1 0.7423703489432866 0.3388145115315024 0.16668506859446985 0.45937940128862387
1 0.816580008584207 0.3411416514001656 0.1313742824901162 0.43097444029820453
0 0.11565889978016715 0.5488646251693421 0.2225345719141194 0.25924328245085987
0 0.2278816438282388 0.5071042503386842 0.22465560811666876 0.22108486318355441
0 0.3706913125443455 0.48725317503305654 0.2041158491396784 0.18095783016686778
0 0.4930793969514967 0.4475875667107421 0.13868629185989007 0.2111123196514182
0 0.603866906026683 0.42762030472495444 0.15893970452587247 0.202020602668105
0 0.6906492885402404 0.44310254183465575 0.19621244554888229 0.164923394391219
0 0.7889686138722054 0.42794893260783 0.13830449677854623 0.1454873196514182
0 0.8685879361791082 0.4204064275194474 0.1272988190854491 0.1331953595655099