1 0.075 0.6140625 0.14921875 0.7703125
1 0.16953125 0.63984375 0.1890625 0.6953125
1 0.29375 0.66171875 0.17265625 0.61875
1 0.41328125 0.6765625 0.15703125 0.55859375
1 0.53515625 0.68359375 0.15625 0.51640625
1 0.6390625 0.690625 0.15234375 0.48125
1 0.740625 0.7 0.1640625 0.45078125
1 0.81484375 0.7015625 0.12890625 0.42421875
0 0.1125 0.45703125 0.22109375 0.24765625
0 0.225 0.5046875 0.2234375 0.209375
0 0.36796875 0.53203125 0.203125 0.1703125
0 0.490625 0.578125 0.1375 0.20390625
0 0.6015625 0.60390625 0.1578125 0.19375
0 0.68828125 0.59296875 0.1953125 0.1546875
0 0.78671875 0.61328125 0.1375 0.13828125
0 0.86640625 0.625 0.1265625 0.1265625