1 0.0721407614460242 0.6114434422881189 0.1442815228920484 0.7755233335725968
1 0.15463872141156196 0.6339235882971022 0.20524607807534778 0.7019147079820336
1 0.27834832513503416 0.651460773961799 0.1870578161075005 0.6247792891075596
1 0.3975340830188189 0.6621304007334887 0.17003266384704913 0.5640774020842511
1 0.5192454288585064 0.6649056819516819 0.16826948888517404 0.5218626202330856
1 0.6229880246981938 0.6683084457466799 0.1635449680836114 0.48656996097725835
1 0.7243323191511106 0.6741368050951744 0.1745545500555906 0.45651043874473984
1 0.79851470155993 0.6731075292344587 0.13878005100552127 0.42872025544229564
0 0.10764574309037311 0.4531026634321784 0.21529148618074623 0.25537701387981604
0 0.21325326804868014 0.49683032686435674 0.22831075721819455 0.21717760943331238
0 0.3555855852030204 0.5191814981010834 0.20708906743868064 0.17740578130301116
0 0.477168991263194 0.5609919974681112 0.14224597064906278 0.20870785580511536
0 0.5875064260087148 0.5828992246026206 0.16232208130638917 0.1992609339354164
0 0.6744797491469786 0.568933439123258 0.19891289152687505 0.16150796279135698
0 0.7724444704616314 0.585808425876414 0.14071853181947933 0.14308285580511537
0 0.8518592135277772 0.5947444270575405 0.12950827488562525 0.1309821598887993