1 0.8484375 0.56875 0.2890625 0.85078125
1 0.69375 0.52890625 0.1984375 0.696875
1 0.6078125 0.50078125 0.17734375 0.58359375
1 0.503125 0.48515625 0.1328125 0.51171875
0 0.73984375 0.40078125 0.05078125 0.29453125
0 0.6203125 0.42890625 0.034375 0.228125
0 0.5359375 0.38515625 0.0359375 0.18046875
0 0.46171875 0.38359375 0.04609375 0.175
0 0.40234375 0.38125 0.0265625 0.13671875
0 0.36953125 0.36328125 0.02109375 0.12109375
0 0.325 0.3703125 0.01171875 0.12578125
0 0.2890625 0.37421875 0.01875 0.1234375
0 0.23515625 0.3703125 0.03984375 0.1046875