1 0.8333779181566838 0.4559370098961158 0.31877243591915094 0.859192109725196
1 0.6772990437472469 0.49127981334047044 0.22277291123956183 0.7026489415410804
1 0.5903793971052915 0.5169042874762229 0.1977232928205746 0.5887539261016743
1 0.485146260081983 0.5294831923325033 0.15068211251335537 0.5155831990629279
0 0.7189185701561168 0.6207460044858395 0.061066507889366406 0.2960088334652372
0 0.6003694667980722 0.5891430003292044 0.04234130054030487 0.22912521034569905
0 0.5144666831328083 0.6304379385715796 0.04223960761921397 0.18151442445232177
0 0.4401933694304773 0.6298408935070022 0.052204884661055925 0.1763411911453691
0 0.3807365238769811 0.6304570074553404 0.0313368239539499 0.13749163981258547
0 0.34729654130017623 0.647471011216264 0.025322436930641335 0.12170751543940614
0 0.3030108279606651 0.6391440341775176 0.016111128037633905 0.12612223079967003
0 0.2672097372164922 0.634192109725196 0.023060532484137575 0.12398306927947225
0 0.21316707796066509 0.6365298480467135 0.043499518056167384 0.10584683471887821