1 0.8418194945894582 0.5440629901038843 0.29896223611549466 0.859192109725196
1 0.687595618594867 0.5087201866595296 0.20654637476126841 0.7026489415410804
1 0.601985382598685 0.4830957125237771 0.18413447807922373 0.5887539261016743
1 0.4974796959341393 0.47051680766749665 0.13876688673613308 0.5155831990629279
0 0.7351802379455934 0.3792539955141605 0.0542084313733163 0.29600883346523715
0 0.6153217239417754 0.41085699967079564 0.037029474697634866 0.22912521034569905
0 0.5314558012810479 0.3695620614284204 0.038037444024498865 0.1815144244523216
0 0.45725523261459333 0.37015910649299777 0.048130059357089826 0.1763411911453691
0 0.3979075046149115 0.3695429925446596 0.028153366685226368 0.13749163981258555
0 0.36530408995068414 0.3525289887837359 0.022502803349772015 0.12170751543940614
0 0.3206910239497296 0.3608559658224823 0.013182347350408286 0.1261222307996701
0 0.28470807061586595 0.365807890274804 0.02018632535009015 0.12398306927947216
0 0.2308472739497296 0.36347015195328647 0.041061899347544804 0.10584683471887839