1 0.17433245160984862 0.6406846082148647 0.1824937462759464 0.41344994252382
1 0.47284272621695445 0.6439833667990716 0.13876086290133482 0.39679370764913047
1 0.5757322857702484 0.6562975353187867 0.16223475020488784 0.3977113130353249
1 0.7269501834128835 0.6665497549699697 0.16768638357949933 0.41414483411256364
1 0.8727528349844601 0.661149703543914 0.1568409288647697 0.4328266564194667
1 0.9662030045481138 0.6750900045771863 0.0675939909037723 0.4177056504675381
1 0.3330888674494488 0.6283305748409858 0.18467483043634614 0.42674028288289956
5 0.27694587530733167 0.596762412273199 0.024604047766469607 0.05872101502711473
5 0.4265284983428609 0.6054430415653025 0.02854668507002245 0.05952499092481371
5 0.5220058182352372 0.6263055082896194 0.01977099855225788 0.05556874394987581
5 0.6764043738595896 0.654540113479422 0.016864322373575647 0.060238063231716585
5 0.8201522198068136 0.6217917668738264 0.01828127315936392 0.05712215359079611
5 0.9477892222880129 0.6623672907797357 0.015719199338046507 0.05242101805217665