1 0.14453125 0.63984375 0.16328125 0.4125
1 0.44296875 0.64140625 0.1203125 0.39609375
1 0.5453125 0.653125 0.14375 0.396875
1 0.69609375 0.6625 0.1484375 0.41328125
1 0.8421875 0.65625 0.13671875 0.43203125
1 0.95546875 0.66953125 0.0890625 0.4171875
1 0.30390625 0.6265625 0.16484375 0.42578125
5 0.24921875 0.5953125 0.021875 0.05859375
5 0.3984375 0.603125 0.02578125 0.059375
5 0.49296875 0.6234375 0.0171875 0.05546875
5 0.64609375 0.65078125 0.0140625 0.06015625
5 0.79140625 0.6171875 0.015625 0.05703125
5 0.9171875 0.65703125 0.01328125 0.05234375