1 0.8256675483901514 0.6249114874246888 0.18249374627594647 0.41535008482031055
1 0.5271572737830456 0.6316832333642038 0.13876086290133482 0.39819381249917607
1 0.4242677142297516 0.6451884001654511 0.16223475020488784 0.39938416558343126
1 0.27304981658711647 0.657195296674159 0.16768638357949922 0.41587223620028235
1 0.1272471650155399 0.6534953725660158 0.15684092886476955 0.4344176846581547
1 0.03379699545188604 0.6687539541399153 0.06759399090377208 0.41874209172016935
1 0.6669111325505511 0.6144121383976235 0.18467483043634622 0.42865860835926084
5 0.7230541246926683 0.5822075645343616 0.024604047766469607 0.05897557954530477
5 0.5734715016571391 0.592624687504119 0.02854668507002245 0.05982501339268076
5 0.4779941817647629 0.6145872366106147 0.01977099855225788 0.05576875892845372
5 0.3235956261404104 0.6446037934277481 0.01686432237357547 0.06040171185055314
5 0.1798477801931863 0.6135464825501297 0.018281273159363787 0.05730398538950325
5 0.05221077771198697 0.655585752435632 0.01571919933804622 0.05257557508107791